10 30
0.33621941004213807 0.13920264309432917 0.3470243717550362 0.25267450747093423 0.48738206445101906 0.40430122293556703 0.7025201802156269 0.6345476025309922 0.4785723071759076 0.4176031237837802 41.98091789042048
0.44051779802040014 0.8310846358533721 0.6210419285235396 0.5609773935032769 0.4581352605089095 0.36494897010031135 0.2538092279823019 0.4946987225045413 0.8694143197915466 0.4627660968539946 47.02641551726554
0.97387276342582 0.6932737479598113 0.5150980642862463 0.952977070688611 0.26959141381349405 0.4383534077614689 0.05942339329079749 0.7260965372719435 0.971624484992643 0.8187137619876007 5.072952427894773
0.03566969318852842 0.0278697876331494 0.8503044412085005 0.8397944818126035 0.2122463776795236 0.5654011400007005 0.8025786218957637 0.6831678867567001 0.3892700121819058 0.0629067581032352 42.39596126754513
0.30746350079349427 0.5691799135743897 0.9903278811734749 0.004557778555165037 0.10920004362915225 0.559937432874317 0.3364264887154125 0.9800424853612533 0.44675300720020916 0.31845707280632474 59.95573810729593
0.5896327055860547 0.8447014306753291 0.7785065797545759 0.6189057183444452 0.36589965268536007 0.4340780680628845 0.06801528575117066 0.4352540691269958 0.7590295452275488 0.669337331979535 68.68498078906448
0.8289065089089743 0.17761281136151252 0.9749605989355782 0.5816110204950202 0.38093317101698987 0.8404799553904321 0.9854343044025932 0.9714845465471618 0.19050459416701504 0.410202091789463 12.313007080420457
0.5939754255644638 0.421953929493877 0.6764019896726368 0.3544963690502455 0.9678657095840084 0.13331636363576715 0.8094873532608433 0.8326452627467475 0.5135175080815361 0.5041515582755212 20.237660280733294
0.03448439130791514 0.49786289282568763 0.10932887214015141 0.33983601334022984 0.3921051089338059 0.09295633980581286 0.17651873474147828 0.3136995574957122 0.9873886840741543 0.925583264337776 66.30251114901611
0.0752121026745528 0.9075553732186431 0.27935184390263845 0.035758508097851305 0.2921205823710201 0.5430128784390761 0.4947667269309248 0.3320547303430531 0.1130844423079409 0.988492894828644 55.94998939560355
0.04237923523122633 0.4163598994497719 0.240092149023877 0.8914948471278028 0.997936475038535 0.5363037092897168 0.4736110123965519 0.043223162481500266 0.3861094960913576 0.4032579974249396 78.92261279229446
0.7318118429157007 0.5360210517767735 0.1453743358030869 0.22481442259319906 0.35808613446730475 0.7141316485684258 0.8369188707132599 0.7461815185287536 0.8614535541157088 0.9909903573150372 51.394202328362695
0.7172362573560492 0.9962385224176402 0.4251296180468819 0.18609520843934102 0.6362974428837702 0.42233706544686367 0.12688535434157533 0.6820023282397274 0.3879022856254003 0.28254902799526227 77.42220950355875
0.5746121626923832 0.552566075910559 0.1565382016923541 0.9065714301112191 0.4965095794865628 0.39591819560914654 0.17712693403114665 0.8268421618196052 0.5191672570070084 0.5810659474176821 96.87772739227425
0.14295347554465454 0.8828547390811988 0.11970538217269633 0.8392024813205919 0.5588771734809327 0.06644112801545354 0.21580084089992724 0.1321953813689727 0.465489195336079 0.3454767071586311 41.28719505120812
0.890958998716779 0.23702114862420454 0.020449173613820815 0.8232566745811569 0.01758540735232017 0.4461446076930231 0.7155718869385489 0.4643438101257835 0.5296122013672421 0.7954838117869126 8.649809401349795
0.0565461919100303 0.34794791446659734 0.7823727122761073 0.5345242154434521 0.5662683762801245 0.3246576369251364 0.275696365665409 0.07628648805614224 0.40725060054722906 0.008536530103955497 8.685392046448538
0.623820796656328 0.44960001299592967 0.7527437567348045 0.7144323528314512 0.8591629458383457 0.5373318039063926 0.7512120810436881 0.011196566894244975 0.8000955207510654 0.4444821556518871 44.822432259447396
0.8684588711703652 0.7427621915088857 0.8202551928110952 0.36884587745207764 0.5355490014507884 0.616715115797464 0.475890747532567 0.6500308918963137 0.24595233276139972 0.9605688809971314 4.438985464368983
0.09411912370379694 0.2622249787379781 0.5630786691136954 0.015272653532206193 0.6618379775003863 0.18801793869118022 0.5729873697663822 0.2649910048353711 0.5306214248868949 0.7521119447423926 82.20587773189183
0.8678143198367897 0.8798409212776993 0.06842077543823011 0.8468790474296994 0.8304138161932275 0.5222577913997891 0.5473855839878308 0.22384821639760155 0.7509217901387397 0.2687524717118801 92.03085406634342
0.24358214106335996 0.7834293195041069 0.5282731107783821 0.7547213822449786 0.9940296362380971 0.40205097478220875 0.25977861446950223 0.1374066519176862 0.5096517585502962 0.76145877745538 30.72625670359367
0.5515104600516921 0.05473874964626657 0.2279154573167691 0.8697122132324674 0.21846283237655917 0.48425421387699497 0.739590529536248 0.8165872095632729 0.2935960466095684 0.7594705379245356 48.65403127547607
0.0953915074580507 0.6089826570631072 0.8044756772938784 0.9042272635346459 0.3266699725737373 0.7556667173160361 0.9369892559720446 0.824913283237795 0.4263086368807393 0.9920820210947144 82.14055706150172
0.5183044754843595 0.470345730549231 0.15078053054386298 0.11901488692797735 0.4639623438679984 0.7145426726998594 0.34136392620129197 0.40407974433157556 0.14809469404299214 0.03472876452891449 96.84565794081347
0.02080291820787117 0.10124009300892522 0.5705649320231647 0.37220107368864663 0.43309236485826885 0.843007483124599 0.9666917221773816 0.26161599855084205 0.174479967162951 0.6671228995953066 60.87546271362695
0.44512649715500596 0.8472648225196133 0.7514402907447058 0.5617988682442021 0.921494072112849 0.6512808422376798 0.4249365455530728 0.4999719097267622 0.20249186267860864 0.5873048198311017 73.76136139890764
0.7809314532509983 0.41628715437385644 0.10579152697819294 0.08497546111448517 0.3367170457517994 0.8110946996505084 0.20710489200235815 0.22081458861572467 0.5194700991162763 0.8816111609690269 37.44591720354686
0.44582937391380884 0.949765358914132 0.4219354278849251 0.1688716733295459 0.7336131763816146 0.4477517087217987 0.6203956681717939 0.7109118606229586 0.7263828731659662 0.014874014348027487 88.62637910664968
0.7797377987013051 0.9730946159629094 0.6213402739511829 0.6217927627514981 0.043628160001905614 0.8888189744609735 0.824067163315559 0.648735288370784 0.9828933945073428 0.08479121652311916 44.123140648652516
0.3266350275806471 0.49092023763718484 0.3882231854169538 0.5871268084833401 0.8886103435827403 0.3197749899278628 0.23851713582165113 0.30973865700525116 0.16534296877807897 0.22768900903140898 